frequency: 50

# z, roll, pitch
kp: [5.0, 1.0, 1.0]
ki: [0.0, 0.0, 0.0]
kd: [0.01, 0.01, 0.01]
tau: [1.0, 1.0, 1.0]
limits: [[-1.0, 1.0], [-1.0, 1.0], [-1.0, 1.0]]

# x, y, z, roll, pitch, yaw in N
max_wrench: [ 100.0, 100.0, 100.0, 100.0, 100.0, 100.0 ]

dynamics:
  # kg
  mass: 32.35

  # m^3
  volume: 0.03509

  # kg / m^3
  water_density: 1028.0

  # x, y, z in body NED
  center_of_gravity: [0.0384, 0.02095, 0.0411]
  center_of_buoyancy: [0.0611, 0.00273, 0.0411]

  # Ixx, Iyy, Izz, Ixy, Ixz, Iyz
  moments: [1.0, 1.0, 10.0, 0.0, 0.0, 0.0]

  # x, y, z, roll, pitch, yaw
  linear_damping: [17.2, 9.3, 10.26, 0.0, 0.0, 0.0]
  quadratic_damping: [0.0, 0.0, 0.0, 0.0, 0.0, 0.0]
  added_mass: [0.0, 0.0, 0.0, 0.0, 0.0, 0.0]